1 1
2 10
3 11
4 1
5 2
6 1
7 4
8 2
9 1
10 12
11 12
12 15
13 16
14 2
15 2
16 2
17 16
18 16
19 16
20 1
21 11.5
22 9
23 10
24 9
25 7
26 4
27 1
28 8
29 1
30 9
31 3
32 8
33 11.5
34 10
35 10
36 9
37 10
38 10
39 10
40 10
41 10
42 10
43 10
44 11.5
45 11.5
46 11.5
47 1
48 10
49 10
50 10
51 10
52 10
53 3
54 3
55 11
56 10
57 3
58 10
59 10
60 10
61 10
62 10
63 1
64 9
65 6
66 1
67 3
68 9
69 12
70 12
71 6
72 12
73 9
74 6
75 12
76 12
77 9
78 9
79 12
80 6
81 3
82 7
83 7
84 9
85 9
86 12
87 4
88 7
89 8
90 7
91 -1
92 9
93 9
94 9
95 9
96 7
97 7
98 5
99 5
100 5
101 15
102 2
103 2
104 2
105 11.5
106 1
107 15
108 5
109 5
110 3
111 1
112 5
113 -1
114 5
115 -1
116 5
117 5
118 11
119 9
120 12
121 12
122 9
123 9
124 3
125 3
126 4
127 3
128 3
129 3
130 4
131 -1
132 1
133 1
134 -1
135 -1
136 -1
137 -1
138 -1
139 -1
140 -1
141 -1
142 -1
143 -1
144 -1
145 -1
146 -1
147 1
148 6
149 -1
150 -1
151 6
152 16
153 -1
154 2
155 2
156 1
157 -1
158 -1
159 -1
160 -1
161 -1
162 -1
163 16
164 16
165 2
166 -1
167 -1
168 2
169 2
170 2
171 16
172 -1
173 -1
174 -1
175 16
176 1
177 1
178 1
179 1
180 9
181 -1
182 4
183 1
184 1
185 1
186 1
187 1
188 1
189 9
190 9
191 1
192 3
193 9
194 1
195 1
196 7
197 12
198 12
199 12
200 12
201 6
202 6
203 6
204 6
205 1
206 6
1001 1
1002 10
1003 11
1004 1
1005 2
1006 3
1007 3
1008 2
1009 1
1010 12
1011 -1
1012 15
1013 16
1014 2
1015 2
1016 2
1017 16
1018 16
1019 1
1020 11.5
1021 9
1022 10
1023 9
1024 4
1025 4
1026 8
1027 8
1028 1
1029 9
1030 1
1031 8
1032 9
1033 1
1034 11.5
1035 10
1036 10
1037 9
1038 10
1039 10
1040 10
1041 10
1042 11.5
1043 11.5
1044 11.5
1045 1
1046 10
1047 10
1048 10
1049 10
1050 10
1051 10
1052 11.5
1053 11.5
1054 9
1055 10
1056 10
1057 5
1058 3
1059 11
1060 10
1061 10
1062 10
1063 10
1064 10
1065 10
1066 10
1067 10
1068 3
1069 1
1070 6
1071 6
1072 6
1073 1
1074 9
1075 9
1076 12
1077 6
1078 6
1079 12
1080 6
1081 6
1082 6
1083 6
1084 6
1085 1
1086 12
1087 9
1088 9
1089 -1
1090 4
1091 3
1092 7
1093 9
1094 9
1095 12
1096 7
1097 8
1098 12
1099 9
1100 7
1101 3
1102 5
1103 5
1104 5
1105 2
1106 15
1107 2
1108 2
1109 2
1110 5
1111 1
1112 5
1113 1
1114 4
1115 -1
1116 -1
1117 5
1118 5
1119 3
1120 3
1121 12
1122 12
1123 3
1124 12
1125 10
1126 10
1127 3
1128 4
1129 4
1130 3
1131 9
1132 9
1133 3
1134 3
1135 3
1136 4
1137 -1
1138 1
1139 1
1140 1
1141 1
1142 1
1143 -1
1144 -1
1145 -1
1146 7
1147 -1
1148 -1
1149 -1
1150 -1
1151 -1
1152 -1
1153 -1
1154 -1
1155 -1
1156 -1
1157 -1
1158 -1
1159 -1
1160 1
1161 -1
1162 16
1163 -1
1164 -1
1165 2
1166 2
1167 6
1168 -1
1169 -1
1170 -1
1171 -1
1172 -1
1173 -1
1174 -1
1175 -1
1176 -1
1177 -1
1178 -1
1179 16
1180 2
1181 2
1182 2
1183 2
1184 2
1185 2
1186 6
1187 -1
1188 -1
1189 16
1190 1
1191 1
1192 1
1193 1
1194 1
1195 1
1196 1
1197 9
1198 1
1199 1
1200 9
1201 9
1202 1
1203 1
1204 9
1205 1
1206 1
1207 4
1208 4
1209 12
1210 -1
1211 12
1212 6
1213 6
1214 6
1215 1
1216 1
